1.0000(f_leaf)	 0	 0	 0	 0	 0	 0	 0	 0	 0	 0	 0	 0	 0	 0	 0	 0	 0	 0	 0	 0	 0	 0	 0	 0	 0	 0	 0	 0	 0	 0	 0	 0	
1.0000(f_core)	 0	 0	 0	 0	 0	 0	 0	 0	 0	 0	 0	 0	 0	 0	 0	 0	 0	 0	 0	 0	 0	 0	 0	 0	 0	 0	 0	 0	 0	 0	 0	 0	 0	 0	 0	 0	 0	 0	 0	 0	 0	 0	 0	 0	 0	 0	 0	 0	 0	 0	 0	 0	 0	 0	 0	 0	 0	 0	 0	 0	 0	 0	 0	 0	 0	 0	 0	 0	
51.0000(f_leaf)	 0	 3	 2	 2	 3	 0	 1	 2	 0	 1	 2	 3	 3	 3	 3	 1	 0	 10	 3	 0	 0	 0	 3	 2	 0	 2	 1	 3	 0	 1	 0	 0	
51.0000(f_core)	 2	 0	 0	 0	 4	 0	 4	 1	 3	 0	 1	 3	 3	 3	 17	 7	 0	 6	 2	 2	 2	 0	 1	 4	 1	 7	 3	 2	 0	 2	 1	 6	 0	 3	 8	 2	 2	 4	 1	 0	 1	 1	 1	 0	 1	 2	 3	 15	 3	 3	 7	 8	 2	 6	 5	 6	 4	 0	 5	 1	 0	 1	 3	 1	 1	 2	 2	 1	
101.0000(f_leaf)	 0	 5	 3	 3	 3	 0	 2	 3	 0	 7	 5	 6	 4	 5	 5	 1	 0	 12	 4	 2	 0	 1	 5	 5	 2	 2	 6	 3	 2	 5	 2	 0	
101.0000(f_core)	 2	 0	 0	 0	 4	 0	 8	 1	 8	 0	 1	 4	 7	 8	 36	 11	 0	 7	 3	 5	 5	 2	 1	 11	 6	 16	 4	 2	 3	 6	 4	 14	 0	 5	 22	 2	 4	 13	 3	 4	 3	 3	 1	 0	 5	 7	 6	 23	 8	 7	 10	 19	 3	 10	 7	 11	 10	 2	 7	 2	 2	 4	 8	 1	 5	 4	 8	 2	
151.0000(f_leaf)	 0	 7	 5	 8	 4	 1	 3	 4	 3	 8	 6	 9	 6	 5	 8	 1	 0	 18	 4	 3	 0	 2	 9	 7	 6	 4	 9	 5	 9	 6	 3	 0	
151.0000(f_core)	 2	 0	 0	 0	 4	 0	 13	 1	 11	 0	 1	 4	 8	 15	 54	 12	 0	 12	 3	 5	 7	 2	 3	 12	 8	 27	 4	 2	 3	 6	 5	 23	 0	 7	 41	 2	 5	 24	 9	 9	 4	 7	 1	 0	 9	 8	 8	 29	 12	 10	 11	 32	 5	 14	 8	 20	 14	 2	 12	 4	 2	 9	 13	 3	 10	 4	 18	 4	
201.0000(f_leaf)	 0	 13	 8	 9	 4	 3	 10	 4	 5	 9	 6	 10	 9	 6	 10	 1	 0	 20	 4	 4	 1	 2	 11	 10	 13	 5	 10	 8	 15	 6	 6	 3	
201.0000(f_core)	 2	 0	 0	 0	 5	 0	 17	 1	 14	 7	 1	 4	 11	 18	 66	 15	 0	 16	 3	 5	 11	 2	 11	 16	 8	 46	 4	 2	 5	 8	 6	 48	 0	 8	 61	 2	 10	 30	 19	 18	 8	 12	 1	 0	 12	 12	 9	 33	 15	 11	 14	 54	 6	 19	 10	 26	 25	 3	 16	 5	 4	 11	 17	 4	 13	 6	 27	 7	
251.0000(f_leaf)	 0	 13	 8	 9	 4	 3	 11	 4	 6	 10	 7	 10	 9	 7	 11	 1	 0	 20	 5	 4	 1	 2	 11	 10	 14	 5	 10	 8	 15	 6	 6	 3	
251.0000(f_core)	 2	 0	 0	 0	 6	 0	 17	 1	 16	 9	 1	 4	 12	 18	 69	 16	 0	 17	 3	 5	 12	 2	 13	 19	 8	 48	 4	 2	 5	 8	 6	 51	 0	 8	 62	 2	 11	 30	 21	 20	 8	 12	 1	 0	 12	 15	 9	 33	 16	 11	 14	 57	 6	 19	 10	 26	 26	 3	 17	 5	 4	 11	 18	 4	 13	 6	 27	 7	
301.0000(f_leaf)	 0	 13	 8	 9	 4	 3	 11	 4	 6	 10	 7	 10	 9	 8	 11	 1	 0	 20	 5	 4	 1	 2	 11	 10	 14	 5	 10	 8	 15	 6	 6	 3	
301.0000(f_core)	 2	 0	 0	 0	 11	 0	 17	 1	 16	 9	 1	 4	 12	 18	 69	 16	 0	 17	 3	 5	 12	 2	 13	 19	 9	 48	 4	 2	 5	 8	 6	 51	 0	 8	 62	 2	 11	 30	 21	 20	 8	 13	 1	 0	 12	 15	 9	 33	 16	 11	 14	 57	 6	 19	 10	 26	 27	 3	 17	 5	 4	 11	 18	 4	 13	 6	 27	 7	
351.0000(f_leaf)	 0	 13	 8	 9	 4	 3	 11	 4	 6	 10	 7	 10	 9	 8	 11	 1	 0	 20	 5	 4	 1	 2	 11	 10	 14	 5	 10	 8	 15	 6	 6	 3	
351.0000(f_core)	 2	 0	 0	 0	 11	 0	 17	 1	 16	 9	 1	 4	 12	 18	 69	 16	 0	 17	 3	 5	 12	 2	 13	 19	 9	 48	 4	 2	 5	 8	 6	 51	 0	 8	 62	 2	 11	 30	 21	 20	 8	 13	 1	 0	 12	 15	 9	 33	 16	 11	 14	 57	 6	 19	 10	 26	 27	 3	 17	 5	 4	 11	 18	 4	 13	 6	 27	 7	
401.0000(f_leaf)	 0	 13	 8	 9	 4	 3	 11	 4	 6	 10	 7	 10	 9	 8	 11	 1	 0	 20	 5	 4	 1	 2	 11	 10	 14	 5	 10	 8	 15	 6	 6	 3	
401.0000(f_core)	 2	 0	 0	 0	 11	 0	 17	 1	 16	 9	 1	 4	 12	 18	 69	 16	 0	 17	 3	 5	 12	 2	 13	 19	 9	 48	 4	 2	 5	 8	 6	 51	 0	 8	 62	 2	 11	 30	 21	 20	 8	 13	 1	 0	 12	 15	 9	 33	 16	 11	 14	 57	 6	 19	 10	 26	 27	 3	 17	 5	 4	 11	 18	 4	 13	 6	 27	 7	
451.0000(f_leaf)	 0	 13	 8	 9	 4	 3	 11	 4	 6	 10	 7	 10	 9	 8	 11	 1	 0	 20	 5	 4	 1	 2	 11	 10	 14	 5	 10	 8	 15	 6	 6	 3	
451.0000(f_core)	 2	 0	 0	 0	 11	 0	 17	 1	 16	 9	 1	 4	 12	 18	 69	 16	 0	 17	 3	 5	 12	 2	 13	 19	 9	 48	 4	 2	 5	 8	 6	 51	 0	 8	 62	 2	 11	 30	 21	 20	 8	 13	 1	 0	 12	 15	 9	 33	 16	 11	 14	 57	 6	 19	 10	 26	 27	 3	 17	 5	 4	 11	 18	 4	 13	 6	 27	 7	
