1.0000(c_leaf)	 0	 0	 0	 0	 0	 0	 0	 0	 0	 0	 0	 0	 0	 0	 0	 0	 0	 0	 0	 0	 0	 0	 0	 0	 0	 0	 0	 0	 0	 0	 0	 0	
1.0000(f_leaf)	 0	 0	 0	 0	 0	 0	 0	 0	 0	 0	 0	 0	 0	 0	 0	 0	 0	 0	 0	 0	 0	 0	 0	 0	 0	 0	 0	 0	 0	 0	 0	 0	
1.0000(c_core) 0	 0	 0	 0	 0	 0	 0	 0	 0	 0	 0	 0	 0	 0	 0	 0	 0	 0	 0	 0	 0	 0	 0	 0	 0	 0	 0	 0	 0	 0	 0	 0	 0	 0	 0	 0	 0	 0	 0	 0	 0	 0	 0	 0	 0	 0	 0	 0	 0	 0	 0	 0	 0	 0	 0	 0	 0	 0	 0	 0	 0	 0	 0	 0	 0	 0	 0	 0	
1.0000(f_core)	 0	 0	 0	 0	 0	 0	 0	 0	 0	 0	 0	 0	 0	 0	 0	 0	 0	 0	 0	 0	 0	 0	 0	 0	 0	 0	 0	 0	 0	 0	 0	 0	 0	 0	 0	 0	 0	 0	 0	 0	 0	 0	 0	 0	 0	 0	 0	 0	 0	 0	 0	 0	 0	 0	 0	 0	 0	 0	 0	 0	 0	 0	 0	 0	 0	 0	 0	 0	
51.0000(c_leaf)	 0	 0	 0	 0	 8	 0	 0	 0	 0	 0	 0	 0	 9	 4	 4	 0	 0	 22	 4	 0	 0	 0	 4	 12	 8	 23	 21	 4	 0	 12	 1	 0	
51.0000(f_leaf)	 0	 0	 0	 0	 2	 0	 0	 0	 0	 0	 0	 0	 3	 1	 1	 0	 0	 7	 1	 0	 0	 0	 1	 5	 3	 6	 6	 1	 0	 4	 1	 0	
51.0000(c_core) 0	 0	 0	 0	 0	 0	 4	 5	 3	 0	 11	 0	 0	 4	 28	 28	 0	 25	 7	 21	 0	 0	 14	 4	 0	 16	 8	 0	 9	 16	 3	 0	 0	 0	 23	 0	 12	 20	 14	 7	 4	 0	 0	 1	 0	 4	 13	 46	 13	 16	 19	 16	 26	 23	 19	 17	 12	 0	 18	 0	 10	 4	 21	 14	 25	 24	 0	 4	
51.0000(f_core)	 0	 0	 0	 0	 0	 0	 1	 2	 1	 0	 3	 0	 0	 1	 10	 7	 0	 7	 2	 7	 0	 0	 5	 1	 0	 5	 2	 0	 4	 6	 1	 0	 0	 0	 7	 0	 3	 8	 5	 3	 1	 0	 0	 1	 0	 1	 5	 15	 4	 5	 6	 5	 7	 6	 6	 7	 4	 0	 6	 0	 4	 1	 6	 5	 7	 7	 0	 1	
101.0000(c_leaf)	 0	 4	 0	 0	 12	 0	 0	 0	 0	 4	 0	 0	 26	 8	 8	 0	 0	 22	 4	 0	 0	 0	 7	 48	 16	 54	 72	 4	 0	 33	 1	 0	
101.0000(f_leaf)	 0	 1	 0	 0	 3	 0	 0	 0	 0	 1	 0	 0	 8	 2	 2	 0	 0	 7	 1	 0	 0	 0	 2	 16	 5	 16	 20	 1	 0	 9	 1	 0	
101.0000(c_core) 8	 0	 0	 0	 0	 0	 4	 5	 11	 0	 11	 0	 4	 4	 35	 36	 0	 33	 7	 21	 11	 0	 32	 20	 0	 36	 16	 0	 50	 59	 10	 0	 0	 0	 73	 4	 34	 45	 32	 17	 8	 8	 7	 1	 16	 16	 48	 46	 67	 41	 21	 34	 80	 54	 19	 41	 54	 0	 22	 0	 37	 11	 74	 31	 71	 57	 0	 4	
101.0000(f_core)	 2	 0	 0	 0	 0	 0	 1	 2	 3	 0	 3	 0	 1	 1	 11	 9	 0	 9	 2	 7	 3	 0	 10	 5	 0	 10	 4	 0	 15	 17	 3	 0	 0	 0	 21	 1	 9	 14	 10	 6	 2	 2	 2	 1	 4	 4	 15	 15	 18	 11	 6	 11	 23	 15	 6	 13	 16	 0	 7	 0	 10	 3	 20	 10	 19	 16	 0	 1	
151.0000(c_leaf)	 0	 4	 0	 0	 12	 4	 0	 0	 4	 4	 0	 0	 41	 8	 8	 0	 0	 27	 4	 4	 0	 0	 11	 87	 36	 100	 100	 4	 0	 66	 1	 0	
151.0000(f_leaf)	 0	 1	 0	 0	 3	 1	 0	 0	 1	 1	 0	 0	 11	 2	 2	 0	 0	 9	 1	 1	 0	 0	 3	 25	 10	 30	 32	 1	 0	 18	 1	 0	
151.0000(c_core) 15	 0	 0	 0	 0	 4	 4	 5	 17	 0	 11	 0	 4	 4	 43	 48	 0	 49	 7	 21	 23	 0	 46	 26	 0	 65	 16	 0	 100	 100	 30	 0	 0	 0	 100	 5	 41	 73	 46	 27	 8	 24	 18	 1	 48	 20	 88	 46	 100	 70	 35	 63	 100	 70	 29	 69	 97	 0	 34	 0	 75	 23	 100	 46	 100	 100	 0	 12	
151.0000(f_core)	 4	 0	 0	 0	 0	 1	 1	 2	 5	 0	 3	 0	 1	 1	 13	 12	 0	 13	 2	 7	 6	 0	 13	 7	 0	 18	 4	 0	 29	 32	 8	 0	 0	 0	 37	 2	 11	 21	 13	 8	 2	 6	 5	 1	 12	 5	 25	 15	 37	 19	 10	 18	 37	 19	 9	 20	 26	 0	 10	 0	 20	 6	 36	 13	 34	 29	 0	 3	
201.0000(c_leaf)	 0	 8	 0	 0	 12	 8	 1	 0	 4	 4	 0	 0	 76	 8	 8	 0	 0	 27	 4	 4	 4	 0	 17	 100	 48	 100	 100	 4	 6	 100	 5	 4	
201.0000(f_leaf)	 0	 2	 0	 0	 3	 2	 1	 0	 1	 1	 0	 0	 20	 2	 2	 0	 0	 9	 1	 1	 1	 0	 5	 37	 13	 37	 39	 1	 2	 29	 2	 1	
201.0000(c_core) 31	 0	 0	 0	 0	 4	 4	 5	 21	 0	 11	 0	 4	 4	 51	 62	 0	 57	 7	 21	 27	 0	 79	 37	 0	 99	 28	 0	 100	 100	 34	 0	 0	 0	 100	 16	 57	 100	 80	 47	 16	 40	 18	 1	 71	 28	 100	 46	 100	 100	 43	 94	 100	 90	 37	 100	 100	 0	 42	 0	 100	 38	 100	 79	 100	 100	 2	 20	
201.0000(f_core)	 8	 0	 0	 0	 0	 1	 1	 2	 6	 0	 3	 0	 1	 1	 15	 16	 0	 15	 2	 7	 7	 0	 22	 10	 0	 27	 7	 0	 41	 44	 9	 0	 0	 0	 48	 4	 15	 36	 22	 13	 4	 10	 5	 1	 18	 7	 37	 15	 52	 32	 12	 26	 47	 24	 11	 33	 39	 0	 12	 0	 33	 10	 50	 22	 45	 39	 1	 5	
